{
 "cells": [
  {
   "cell_type": "code",
   "execution_count": 3,
   "metadata": {},
   "outputs": [],
   "source": [
    "import onnxruntime   \n",
    "import h5py\n",
    "import numpy as np\n",
    "import numba\n",
    "from typing import List\n",
    "from numba import njit\n"
   ]
  },
  {
   "cell_type": "code",
   "execution_count": 4,
   "metadata": {},
   "outputs": [],
   "source": [
    "## Algorithm to extract the best jet assignment from a set of predictions\n",
    "# https://github.com/Alexanders101/SPANet/blob/master/spanet/network/prediction_selection.py\n",
    "\n",
    "\n",
    "TArray = np.ndarray\n",
    "\n",
    "TFloat32 = numba.types.float32\n",
    "TInt64 = numba.types.int64\n",
    "\n",
    "TPrediction = numba.typed.typedlist.ListType(TFloat32[::1])\n",
    "TPredictions = numba.typed.typedlist.ListType(TFloat32[:, ::1])\n",
    "\n",
    "TResult = TInt64[:, ::1]\n",
    "TResults = TInt64[:, :, ::1]\n",
    "\n",
    "NUMBA_DEBUG = False\n",
    "\n",
    "\n",
    "if NUMBA_DEBUG:\n",
    "    def njit(*args, **kwargs):\n",
    "        def wrapper(function):\n",
    "            return function\n",
    "        return wrapper\n",
    "\n",
    "\n",
    "@njit(\"void(float32[::1], int64, int64, float32)\")\n",
    "def mask_1(data, size, index, value):\n",
    "    data[index] = value\n",
    "\n",
    "\n",
    "@njit(\"void(float32[::1], int64, int64, float32)\")\n",
    "def mask_2(flat_data, size, index, value):\n",
    "    data = flat_data.reshape((size, size))\n",
    "    data[index, :] = value\n",
    "    data[:, index] = value\n",
    "\n",
    "\n",
    "@njit(\"void(float32[::1], int64, int64, float32)\")\n",
    "def mask_3(flat_data, size, index, value):\n",
    "    data = flat_data.reshape((size, size, size))\n",
    "    data[index, :, :] = value\n",
    "    data[:, index, :] = value\n",
    "    data[:, :, index] = value\n",
    "\n",
    "\n",
    "# @njit(\"void(float32[::1], int64, int64, float32)\")\n",
    "# def mask_4(flat_data, size, index, value):\n",
    "#     data = flat_data.reshape((size, size, size, size))\n",
    "#     data[index, :, :, :] = value\n",
    "#     data[:, index, :, :] = value\n",
    "#     data[:, :, index, :] = value\n",
    "#     data[:, :, :, index] = value\n",
    "\n",
    "\n",
    "# @njit(\"void(float32[::1], int64, int64, float32)\")\n",
    "# def mask_5(flat_data, size, index, value):\n",
    "#     data = flat_data.reshape((size, size, size, size, size))\n",
    "#     data[index, :, :, :, :] = value\n",
    "#     data[:, index, :, :, :] = value\n",
    "#     data[:, :, index, :, :] = value\n",
    "#     data[:, :, :, index, :] = value\n",
    "#     data[:, :, :, :, index] = value\n",
    "#\n",
    "#\n",
    "# @njit(\"void(float32[::1], int64, int64, float32)\")\n",
    "# def mask_6(flat_data, size, index, value):\n",
    "#     data = flat_data.reshape((size, size, size, size, size, size))\n",
    "#     data[index, :, :, :, :, :] = value\n",
    "#     data[:, index, :, :, :, :] = value\n",
    "#     data[:, :, index, :, :, :] = value\n",
    "#     data[:, :, :, index, :, :] = value\n",
    "#     data[:, :, :, :, index, :] = value\n",
    "#     data[:, :, :, :, :, index] = value\n",
    "\n",
    "\n",
    "# @njit(\"void(float32[::1], int64, int64, float32)\")\n",
    "# def mask_7(flat_data, size, index, value):\n",
    "#     data = flat_data.reshape((size, size, size, size, size, size, size))\n",
    "#     data[index, :, :, :, :, :, :] = value\n",
    "#     data[:, index, :, :, :, :, :] = value\n",
    "#     data[:, :, index, :, :, :, :] = value\n",
    "#     data[:, :, :, index, :, :, :] = value\n",
    "#     data[:, :, :, :, index, :, :] = value\n",
    "#     data[:, :, :, :, :, index, :] = value\n",
    "#     data[:, :, :, :, :, :, index] = value\n",
    "#\n",
    "#\n",
    "# @njit(\"void(float32[::1], int64, int64, float32)\")\n",
    "# def mask_8(flat_data, size, index, value):\n",
    "#     data = flat_data.reshape((size, size, size, size, size, size, size, size))\n",
    "#     data[index, :, :, :, :, :, :, :] = value\n",
    "#     data[:, index, :, :, :, :, :, :] = value\n",
    "#     data[:, :, index, :, :, :, :, :] = value\n",
    "#     data[:, :, :, index, :, :, :, :] = value\n",
    "#     data[:, :, :, :, index, :, :, :] = value\n",
    "#     data[:, :, :, :, :, index, :, :] = value\n",
    "#     data[:, :, :, :, :, :, index, :] = value\n",
    "#     data[:, :, :, :, :, :, :, index] = value\n",
    "\n",
    "\n",
    "@njit(\"void(float32[::1], int64, int64, int64, float32)\")\n",
    "def mask_jet(data, num_partons, max_jets, index, value):\n",
    "    if num_partons == 1:\n",
    "        mask_1(data, max_jets, index, value)\n",
    "    elif num_partons == 2:\n",
    "        mask_2(data, max_jets, index, value)\n",
    "    elif num_partons == 3:\n",
    "        mask_3(data, max_jets, index, value)\n",
    "    # elif num_partons == 4:\n",
    "    #     mask_4(data, max_jets, index, value)\n",
    "    # elif num_partons == 5:\n",
    "    #     mask_5(data, max_jets, index, value)\n",
    "    # elif num_partons == 6:\n",
    "    #     mask_6(data, max_jets, index, value)\n",
    "    # elif num_partons == 7:\n",
    "    #     mask_7(data, max_jets, index, value)\n",
    "    # elif num_partons == 8:\n",
    "    #     mask_8(data, max_jets, index, value)\n",
    "\n",
    "\n",
    "@njit(\"int64[::1](int64, int64)\")\n",
    "def compute_strides(num_partons, max_jets):\n",
    "    strides = np.zeros(num_partons, dtype=np.int64)\n",
    "    strides[-1] = 1\n",
    "    for i in range(num_partons - 2, -1, -1):\n",
    "        strides[i] = strides[i + 1] * max_jets\n",
    "\n",
    "    return strides\n",
    "\n",
    "\n",
    "@njit(TInt64[::1](TInt64, TInt64[::1]))\n",
    "def unravel_index(index, strides):\n",
    "    num_partons = strides.shape[0]\n",
    "    result = np.zeros(num_partons, dtype=np.int64)\n",
    "\n",
    "    remainder = index\n",
    "    for i in range(num_partons):\n",
    "        result[i] = remainder // strides[i]\n",
    "        remainder %= strides[i]\n",
    "    return result\n",
    "\n",
    "\n",
    "@njit(TInt64(TInt64[::1], TInt64[::1]))\n",
    "def ravel_index(index, strides):\n",
    "    return (index * strides).sum()\n",
    "\n",
    "\n",
    "@njit(numba.types.Tuple((TInt64, TInt64, TFloat32))(TPrediction))\n",
    "def maximal_prediction(predictions):\n",
    "    best_jet = -1\n",
    "    best_prediction = -1\n",
    "    best_value = -np.float32(np.inf)\n",
    "\n",
    "    for i in range(len(predictions)):\n",
    "        max_jet = np.argmax(predictions[i])\n",
    "        max_value = predictions[i][max_jet]\n",
    "\n",
    "        if max_value > best_value:\n",
    "            best_prediction = i\n",
    "            best_value = max_value\n",
    "            best_jet = max_jet\n",
    "\n",
    "    return best_jet, best_prediction, best_value\n",
    "\n",
    "\n",
    "@njit(TResult(TPrediction, TInt64[::1], TInt64))\n",
    "def extract_prediction(predictions, num_partons, max_jets):\n",
    "    float_negative_inf = -np.float32(np.inf)\n",
    "    max_partons = num_partons.max()\n",
    "    num_targets = len(predictions)\n",
    "\n",
    "    # Create copies of predictions for safety and calculate the output shapes\n",
    "    strides = []\n",
    "    for i in range(num_targets):\n",
    "        strides.append(compute_strides(num_partons[i], max_jets))\n",
    "\n",
    "    # Fill up the prediction matrix\n",
    "    # -2 : Not yet assigned\n",
    "    # -1 : Masked value\n",
    "    # else : The actual index value\n",
    "    results = np.zeros((num_targets, max_partons), np.int64) - 2\n",
    "\n",
    "    for _ in range(num_targets):\n",
    "        best_jet, best_prediction, best_value = maximal_prediction(predictions)\n",
    "\n",
    "        if not np.isfinite(best_value):\n",
    "            return results\n",
    "\n",
    "        best_jets = unravel_index(best_jet, strides[best_prediction])\n",
    "\n",
    "        results[best_prediction, :] = -1\n",
    "        for i in range(num_partons[best_prediction]):\n",
    "            results[best_prediction, i] = best_jets[i]\n",
    "\n",
    "        predictions[best_prediction][:] = float_negative_inf\n",
    "        for i in range(num_targets):\n",
    "            for jet in best_jets:\n",
    "                mask_jet(predictions[i], num_partons[i], max_jets, jet, float_negative_inf)\n",
    "\n",
    "    return results\n",
    "\n",
    "\n",
    "@njit(TResults(TPredictions, TInt64[::1], TInt64, TInt64), parallel=True)\n",
    "def _extract_predictions(predictions, num_partons, max_jets, batch_size):\n",
    "    output = np.zeros((batch_size, len(predictions), num_partons.max()), np.int64)\n",
    "    predictions = [p.copy() for p in predictions]\n",
    "\n",
    "    for batch in numba.prange(batch_size):\n",
    "        current_prediction = numba.typed.List([prediction[batch] for prediction in predictions])\n",
    "        output[batch, :, :] = extract_prediction(current_prediction, num_partons, max_jets)\n",
    "\n",
    "    return np.ascontiguousarray(output.transpose((1, 0, 2)))\n",
    "\n",
    "\n",
    "def extract_predictions(predictions: List[TArray]):\n",
    "    flat_predictions = numba.typed.List([p.reshape((p.shape[0], -1)) for p in predictions])\n",
    "    num_partons = np.array([len(p.shape) - 1 for p in predictions])\n",
    "    max_jets = max(max(p.shape[1:]) for p in predictions)\n",
    "    batch_size = max(p.shape[0] for p in predictions)\n",
    "\n",
    "    results = _extract_predictions(flat_predictions, num_partons, max_jets, batch_size)\n",
    "    return [result[:, :partons] for result, partons in zip(results, num_partons)]"
   ]
  },
  {
   "cell_type": "code",
   "execution_count": 5,
   "metadata": {},
   "outputs": [
    {
     "name": "stdout",
     "output_type": "stream",
     "text": [
      "Inputs name: ['Jet_data', 'Jet_mask']\n",
      "Outputs name: ['h1_assignment_probability', 'h2_assignment_probability', 'h1_detection_probability', 'h2_detection_probability']\n",
      "Inputs shape: [['batch_size', 'num_Jet', 4], ['batch_size', 'num_Jet']]\n",
      "Outputs shape: [['Exph1_assignment_probability_dim_0', 'Exph1_assignment_probability_dim_1', 'Exph1_assignment_probability_dim_2'], ['Exph1_assignment_probability_dim_0', 'Exph1_assignment_probability_dim_1', 'Exph1_assignment_probability_dim_2'], ['Exph1_assignment_probability_dim_0'], ['Exph1_assignment_probability_dim_0']]\n"
     ]
    }
   ],
   "source": [
    "file_name=\"/t3home/mmalucch//spanet_5jets_ptreg_ATLAS.onnx\"\n",
    "\n",
    "# load the model\n",
    "session = onnxruntime.InferenceSession(\n",
    "    file_name,\n",
    "    providers=onnxruntime.get_available_providers()\n",
    ")\n",
    "\n",
    "# print the input/putput name and shape\n",
    "input_name=[input.name for input in session.get_inputs()]\n",
    "output_name=[output.name for output in session.get_outputs()]\n",
    "print(\"Inputs name:\", input_name)\n",
    "print(\"Outputs name:\", output_name)\n",
    "\n",
    "input_shape=[input.shape for input in session.get_inputs()]\n",
    "output_shape=[output.shape for output in session.get_outputs()]\n",
    "print(\"Inputs shape:\", input_shape)\n",
    "print(\"Outputs shape:\", output_shape)"
   ]
  },
  {
   "cell_type": "code",
   "execution_count": 6,
   "metadata": {},
   "outputs": [
    {
     "name": "stdout",
     "output_type": "stream",
     "text": [
      "(129710, 5, 4)\n"
     ]
    }
   ],
   "source": [
    "# load the file containing the test data\n",
    "# with jet information and true assignment\n",
    "filename_test=\"/work/mmalucch/out_hh4b/hh4b_9999_sin_cos_phi/output_JetGood_test.h5\"\n",
    "df_test = h5py.File(filename_test,'r')\n",
    "\n",
    "# load the file containing the predictions by spanet to check if\n",
    "# the extraction algorithm is working\n",
    "filename_pred=\"/t3home/mmalucch/out_spanet_prediction_5jets_ptreg_ATLAS.h5\"\n",
    "df_pred = h5py.File(filename_pred,'r')\n",
    "\n",
    "# Get the input varaibles\n",
    "# get the log(x+1) of the pt to be fed as input\n",
    "ptPnetRegNeutrino=np.log(np.array(df_test[\"INPUTS\"][\"Jet\"][\"ptPnetRegNeutrino\"][()])+1)\n",
    "eta=np.array(df_test[\"INPUTS\"][\"Jet\"][\"eta\"][()])\n",
    "phi=np.array(df_test[\"INPUTS\"][\"Jet\"][\"phi\"][()])\n",
    "btag=np.array(df_test[\"INPUTS\"][\"Jet\"][\"btag\"][()])\n",
    "# stack the input variables\n",
    "input_complete=np.stack((ptPnetRegNeutrino,eta,phi,btag),axis=-1)\n",
    "print(input_complete.shape)\n",
    "\n",
    "# Get the mask containing the information\n",
    "# about which jets are valid (since we consider 5 jets)\n",
    "mask=np.array(df_test[\"INPUTS\"][\"Jet\"][\"MASK\"][()])\n",
    "\n",
    "\n",
    "# create the input dictionary\n",
    "x={input_name[0]:   input_complete,\n",
    "    input_name[1]:   mask}\n"
   ]
  },
  {
   "cell_type": "code",
   "execution_count": 7,
   "metadata": {},
   "outputs": [],
   "source": [
    "# run the model prediction\n",
    "outputs = session.run(output_name, x)"
   ]
  },
  {
   "cell_type": "code",
   "execution_count": 10,
   "metadata": {},
   "outputs": [
    {
     "name": "stdout",
     "output_type": "stream",
     "text": [
      "4\n",
      "(129710, 5, 5)\n",
      "(129710, 5, 5)\n",
      "(129710,)\n",
      "(129710,)\n",
      "[[0.0000000e+00 2.2281808e-04 1.1495069e-07 1.2401931e-04 9.9582564e-09]\n",
      " [2.2281808e-04 0.0000000e+00 8.3803292e-07 4.9964243e-01 1.8324774e-06]\n",
      " [1.1495069e-07 8.3803292e-07 0.0000000e+00 3.5860548e-06 1.4011460e-10]\n",
      " [1.2401931e-04 4.9964243e-01 3.5860548e-06 0.0000000e+00 4.3281375e-06]\n",
      " [9.9582564e-09 1.8324774e-06 1.4011460e-10 4.3281375e-06 0.0000000e+00]]\n",
      "[[0.0000000e+00 6.6398010e-05 4.9939770e-01 2.8401175e-07 6.9324473e-05]\n",
      " [6.6398010e-05 0.0000000e+00 9.7741169e-05 2.6958940e-11 5.6810501e-07]\n",
      " [4.9939770e-01 9.7741169e-05 0.0000000e+00 5.4201127e-08 3.6791520e-04]\n",
      " [2.8401175e-07 2.6958940e-11 5.4201127e-08 0.0000000e+00 5.7382394e-11]\n",
      " [6.9324473e-05 5.6810501e-07 3.6791520e-04 5.7382394e-11 0.0000000e+00]]\n",
      "(129710,)\n",
      "[[0.0000000e+00 2.2281808e-04 1.1495069e-07 1.2401931e-04 9.9582564e-09]\n",
      " [2.2281808e-04 0.0000000e+00 8.3803292e-07 4.9964243e-01 1.8324774e-06]\n",
      " [1.1495069e-07 8.3803292e-07 0.0000000e+00 3.5860548e-06 1.4011460e-10]\n",
      " [1.2401931e-04 4.9964243e-01 3.5860548e-06 0.0000000e+00 4.3281375e-06]\n",
      " [9.9582564e-09 1.8324774e-06 1.4011460e-10 4.3281375e-06 0.0000000e+00]]\n",
      "[[0.0000000e+00 6.6398010e-05 4.9939770e-01 2.8401175e-07 6.9324473e-05]\n",
      " [6.6398010e-05 0.0000000e+00 9.7741169e-05 2.6958940e-11 5.6810501e-07]\n",
      " [4.9939770e-01 9.7741169e-05 0.0000000e+00 5.4201127e-08 3.6791520e-04]\n",
      " [2.8401175e-07 2.6958940e-11 5.4201127e-08 0.0000000e+00 5.7382394e-11]\n",
      " [6.9324473e-05 5.6810501e-07 3.6791520e-04 5.7382394e-11 0.0000000e+00]]\n",
      "idx test 1 3 0 2\n",
      "idx pred 1 3 0 2\n",
      "h prob 0.99928486 0.9987955\n",
      "\n",
      "\n",
      "[[0.0000000e+00 3.3768488e-09 5.3272418e-09 4.9999994e-01 0.0000000e+00]\n",
      " [3.3768488e-09 0.0000000e+00 3.7159769e-14 4.8346894e-08 0.0000000e+00]\n",
      " [5.3272418e-09 3.7159769e-14 0.0000000e+00 1.7444562e-10 0.0000000e+00]\n",
      " [4.9999994e-01 4.8346894e-08 1.7444562e-10 0.0000000e+00 0.0000000e+00]\n",
      " [0.0000000e+00 0.0000000e+00 0.0000000e+00 0.0000000e+00 0.0000000e+00]]\n",
      "[[0.00000000e+00 1.37999973e-06 3.89269417e-09 2.26224616e-12\n",
      "  0.00000000e+00]\n",
      " [1.37999973e-06 0.00000000e+00 4.99998569e-01 1.04704165e-08\n",
      "  0.00000000e+00]\n",
      " [3.89269417e-09 4.99998569e-01 0.00000000e+00 9.49022194e-10\n",
      "  0.00000000e+00]\n",
      " [2.26224616e-12 1.04704165e-08 9.49022194e-10 0.00000000e+00\n",
      "  0.00000000e+00]\n",
      " [0.00000000e+00 0.00000000e+00 0.00000000e+00 0.00000000e+00\n",
      "  0.00000000e+00]]\n",
      "idx test 0 3 1 2\n",
      "idx pred 0 3 1 2\n",
      "h prob 0.9999999 0.9999973\n",
      "\n",
      "\n"
     ]
    }
   ],
   "source": [
    "print(len(outputs))\n",
    "print(outputs[0].shape)\n",
    "print(outputs[1].shape)\n",
    "print(outputs[2].shape)\n",
    "print(outputs[3].shape)\n",
    "print(outputs[0][0])\n",
    "print(outputs[1][0])\n",
    "\n",
    "# get the true targets\n",
    "idx_b1_test = df_test[\"TARGETS\"][\"h1\"][\"b1\"][()]\n",
    "idx_b2_test = df_test[\"TARGETS\"][\"h1\"][\"b2\"][()]\n",
    "idx_b3_test = df_test[\"TARGETS\"][\"h2\"][\"b3\"][()]\n",
    "idx_b4_test = df_test[\"TARGETS\"][\"h2\"][\"b4\"][()]\n",
    "print(idx_b1_test.shape)\n",
    "\n",
    "# get the predicted targets\n",
    "idx_b1_pred = df_pred[\"TARGETS\"][\"h1\"][\"b1\"][()]\n",
    "idx_b2_pred = df_pred[\"TARGETS\"][\"h1\"][\"b2\"][()]\n",
    "idx_b3_pred = df_pred[\"TARGETS\"][\"h2\"][\"b3\"][()]\n",
    "idx_b4_pred = df_pred[\"TARGETS\"][\"h2\"][\"b4\"][()]\n",
    "\n",
    "# get the predicted probabilities from the predictions file\n",
    "h1_prob=df_pred[\"TARGETS\"][\"h1\"][\"assignment_probability\"][()]\n",
    "h2_prob=df_pred[\"TARGETS\"][\"h2\"][\"assignment_probability\"][()]\n",
    "\n",
    "for i in range(2):\n",
    "    print(outputs[0][i])\n",
    "    print(outputs[1][i])\n",
    "    print(\"idx test\", idx_b1_test[i], idx_b2_test[i], idx_b3_test[i], idx_b4_test[i])\n",
    "    print(\"idx pred\", idx_b1_pred[i], idx_b2_pred[i], idx_b3_pred[i], idx_b4_pred[i])\n",
    "    print(\"h prob\", h1_prob[i], h2_prob[i])\n",
    "\n",
    "    print(\"\\n\")\n"
   ]
  },
  {
   "cell_type": "code",
   "execution_count": 18,
   "metadata": {},
   "outputs": [
    {
     "name": "stdout",
     "output_type": "stream",
     "text": [
      "x [array([[1, 3],\n",
      "       [0, 3],\n",
      "       [1, 2],\n",
      "       ...,\n",
      "       [0, 1],\n",
      "       [0, 2],\n",
      "       [2, 3]]), array([[0, 2],\n",
      "       [1, 2],\n",
      "       [0, 3],\n",
      "       ...,\n",
      "       [2, 3],\n",
      "       [1, 3],\n",
      "       [0, 1]])]\n",
      "y [[1 3 0 2]\n",
      " [0 3 1 2]\n",
      " [1 2 0 3]\n",
      " ...\n",
      " [0 1 2 3]\n",
      " [0 2 1 3]\n",
      " [2 3 0 1]]\n",
      "pred_conc [[1 3 0 2]\n",
      " [0 3 1 2]\n",
      " [1 2 0 3]\n",
      " ...\n",
      " [0 1 2 3]\n",
      " [0 2 1 3]\n",
      " [2 3 0 1]]\n"
     ]
    }
   ],
   "source": [
    "# extract the best jet assignment from\n",
    "# the predicted probabilities\n",
    "assignment_probability=[outputs[0],outputs[1]]\n",
    "x=extract_predictions(assignment_probability)\n",
    "print(\"x\",x)\n",
    "# reshape the output\n",
    "y=np.concatenate([x[0],x[1]],axis=-1)\n",
    "print(\"y\",y)\n",
    "\n",
    "# stack the assignments from the prediction file\n",
    "pred_conc=np.stack((idx_b1_pred,idx_b2_pred,idx_b3_pred,idx_b4_pred),axis=-1)\n",
    "print(\"pred_conc\",pred_conc)"
   ]
  },
  {
   "cell_type": "code",
   "execution_count": null,
   "metadata": {},
   "outputs": [],
   "source": []
  }
 ],
 "metadata": {
  "kernelspec": {
   "display_name": "Python 3",
   "language": "python",
   "name": "python3"
  },
  "language_info": {
   "codemirror_mode": {
    "name": "ipython",
    "version": 3
   },
   "file_extension": ".py",
   "mimetype": "text/x-python",
   "name": "python",
   "nbconvert_exporter": "python",
   "pygments_lexer": "ipython3",
   "version": "3.9.19"
  }
 },
 "nbformat": 4,
 "nbformat_minor": 2
}
